4727
864
3887
3662
1690
3311
761
1774
1970
3485
112
4170
4552
573
3824
2891
3115
3203
4038
4233
1663
2624
3451
2833
3837
2200
4126
1340
4754
4304
3671
3232
4411
4105
2774
2162
516
1168
4624
2781
4469
1103
3343
4022
141
604
1901
3685
731
1310
2655
1415
613
2240
3345
4110
1838
2475
2646
2508
2675
2698
1512
1308
2895
3994
607
3497
2980
2146
4301
4346
2177
2787
2932
2013
3045
4128
3709
2548
4632
2464
2036
1747
1132
4410
2563
3176
87
257
3361
2266
3531
2598
167
281
4138
2324
457
1253
10
1789
3639
2944
827
2945
2580
4805
778
4919
4822
2963
863
2656
1887
1348
1271
4594
2503
1143
3157
1066
2259
4850
1121
385
3902
3262
2697
4134
3565
3452
60
1636
2756
1853
2749
3083
1054
331
2930
1542
3903
2490
3757
4114
3591
2744
2625
2461
1290
3843
3604
1296
3559
198
2254
3749
2171
1606
2574
2211
2547
201
1102
4074
405
3657
2354
2101
4180
1057
2371
766
267
1268
1801
183
3384
3231
1625
679
2596
2823
1748
1775
3397
3748
2709
4288
4307
1986
174
2661
3660
3060
2427
381
2043
2501
4541
2997
3441
1219
4953
3927
763
4911
2494
4335
3411
3182
3067
3809
4421
3495
3040
1683
4195
4963
1523
2212
2817
3947
4312
3335
2132
1825
1275
1399
1136
224
210
465
1920
4418
2238
3791
881
4636
825
269
2073
557
1482
2394
2938
4810
4958
2365
3943
2431
1598
2402
3292
1749
29
101
1220
917
2814
2149
286
3061
2361
2304
3620
4525
3031
2575
4459
2798
1649
3423
3997
1203
54
2118
2159
3941
159
1767
789
4566
4981
626
1411
3556
2088
3138
483
3104
1510
1114
889
4856
4499
3659
4486
3599
3982
3294
2777
437
4740
1846
110
2506
3267
4896
2951
3756
3014
1270
1791
4484
5000
4090
1337
3222
1441
2703
4908
767
1620
2965
1764
3646
1771
4568
1459
70
4830
3823
3894
3126
3064
1289
45
3146
4403
3527
2615
2606
556
4026
3119
1538
4334
4052
266
4211
522
3973
2567
1059
2855
2080
3775
2128
181
3918
1125
1378
937
1992
4795
1117
2987
4766
415
3876
1982
837
3196
1534
3570
2644
2682
3405
1368
199
3803
283
396
4783
709
4280
1615
1319
1778
4603
1809
3349
3893
2082
1455
3795
4148
2588
856
3580
2922
3200
3420
2472
1079
4419
4206
3992
4674
4693
1234
3926
367
3001
4136
2112
3225
2561
1229
4482
2732
2483
305
4428
4885
4975
2370
3140
16
298
612
529
2264
3049
3016
3034
4321
2129
1900
711
1835
1359
1467
756
1113
3418
98
369
4226
306
330
1305
2336
3998
1193
2175
2250
1242
3412
2519
193
3734
3487
1381
44
4827
1715
2102
4467
3721
722
2057
4405
512
3594
796
2018
1522
758
2903
1776
430
3264
2302
3629
4293
204
1578
4964
3163
3965
3367
1026
2002
2412
2853
4947
2348
